Response time of ARQ transmitted packets!
=========================================
176 0
154 0
156 0
155 0
154 2
153 0
155 0
154 0
154 0
155 0
155 0
162 0
155 0
153 0
155 0
156 0
154 0
161 0
156 1
157 0
154 1
161 1
153 0
154 0
156 0
154 0
155 0
163 0
155 0
155 0
155 0
154 0
153 2
153 0
153 1
193 1
155 2
157 0
155 1
153 1
152 0
153 2
154 0
154 0
153 0
153 0
154 0
152 0
152 0
162 0
153 1
154 1
154 0
155 2
155 1
153 0
153 0
154 1
156 0
153 0
155 0
154 0
158 0
155 0
154 0
155 0
151 0
153 0
154 1
154 0
154 0
153 2
150 1
153 1
152 0
153 0
153 2
152 0
153 0
151 0
152 0
153 2
154 0
155 0
170 1
153 0
152 0
150 0
152 0
153 0
159 0
152 0
156 0
154 0
157 1
153 0
159 0
154 1
152 0
153 0
155 0
153 2
155 0
154 0
160 1
153 0
157 0
155 0
155 0
154 1
162 0
154 1
152 1
154 0
159 0
153 0
154 0
155 0
152 1
155 0
154 0
153 0
153 0
154 0
156 5
152 0
155 0
154 2
153 0
153 0
152 1
161 0
154 0
152 0
197 2
155 2
154 0
152 0
152 0
161 0
154 1
154 0
155 0
153 1
161 0
154 0
154 0
152 0
154 1
160 0
155 1
156 0
154 0
154 1
154 0
155 0
154 0
154 0
155 0
153 0
159 0
152 0
155 0
154 1
153 2
155 1
154 0
161 2
154 1
154 0
157 0
156 0
159 0
154 1
153 0
157 1
160 0
153 2
153 0
161 2
155 0
154 0
154 0
155 0
152 0
162 0
154 0
156 0
154 0
154 0
155 0
153 1
155 0
163 0
155 0
156 0
160 1
154 0
153 0
153 0
155 0
155 0
153 1
155 0
153 0
154 0
153 1
159 0
153 1
154 1
161 1
153 1
153 1
153 0
160 0
155 0
153 1
154 0
153 0
151 0
156 2
156 0
155 0
162 1
157 0
154 0
153 0
154 1
154 0
155 1
154 1
155 3
156 0
155 0
157 0
164 1
154 0
155 0
154 0
155 0
152 1
160 0
156 2
153 1
156 2
159 3
154 0
152 0
155 2
154 0
159 0
153 0
153 0
154 0
151 0
154 0
162 0
153 0
154 0
154 0
154 0
153 0
154 0
154 0
155 0
156 0
154 0
155 0
162 1
197 0
204 0
204 0
204 0
206 0
