Response time of echo packets
=============================
153
135
151
138
146
146
149
146
132
143
142
144
181
146
160
150
137
138
134
137
141
130
151
136
140
130
137
135
131
137
139
137
130
147
137
134
139
136
130
134
139
140
130
137
135
131
134
138
136
130
135
135
132
134
138
135
139
135
139
131
137
144
129
137
142
136
131
142
138
142
140
141
131
137
141
139
140
137
137
131
140
138
138
136
142
141
138
144
139
138
137
151
142
133
144
138
133
139
139
139
129
137
140
134
136
141
137
138
147
137
130
145
137
134
142
136
142
132
139
141
130
138
139
132
138
139
136
134
142
144
133
138
142
155
138
141
145
133
138
150
132
143
139
138
131
163
143
130
140
140
137
132
140
145
131
137
142
139
160
163
144
150
140
144
138
138
140
139
138
139
144
133
138
152
131
137
148
156
130
139
142
134
144
139
142
141
153
190
142
151
140
132
138
142
153
200
147
178
132
169
206
143
185
101
151
100
125
192
221
100
107
200
201
188
218
147
101
117
204
196
100
115
197
206
201
198
101
107
207
239
141
140
131
147
139
139
140
147
138
132
143
141
130
148
150
146
149
140
139
135
137
139
142
132
143
138
139
139
137
131
143
139
140
141
149
138
130
138
138
136
130
142
139
137
142
139
134
138
139
139
136
142
142
130
138
143
138
130
142
137
131
142
145
131
140
136
141
130
136
142
130
144
144
140
130
138
147
133
142
142
133
138
137
141
131
139
139
131
138
137
137
131
141
138
131
140
139
133
137
139
139
135
138
139
131
139
140
138
137
137
137
134
143
140
131
139
141
139
137
136
139
133
138
139
140
131
138
139
133
137
142
132
140
138
139
131
139
139
133
141
137
141
129
138
137
131
140
140
131
139
138
137
133
136
137
132
139
138
143
132
152
137
134
142
137
132
141
139
139
131
152
140
132
137
140
141
130
142
137
132
139
136
134
139
136
137
131
137
138
138
136
146
134
134
136
139


Total Packets = 426
