Response time of echo packets
=============================
101
101
101
167
191
101
109
289
101
194
156
245
206
194
101
109
201
198
206
206
197
207
101
107
201
204
203
201
153
152
146
152
151
150
146
153
150
148
154
153
148
153
153
151
147
154
152
148
152
152
151
147
153
153
147
153
153
146
156
153
152
149
153
154
147
156
154
156
147
154
156
147
155
154
148
156
154
154
146
154
155
148
155
154
156
146
156
153
147
155
157
148
155
156
155
146
155
153
146
154
153
151
146
153
154
148
154
153
147
154
155
153
147
155
152
147
151
155
155
146
153
155
148
153
152
147
152
152
155
146
152
153
147
155
153
153
147
154
155
147
155
153
147
157
154
155
148
155
154
147
153
153
152
146
153
153
148
153
153
147
153
153
153
145
153
154
146
154
154
154
147
156
153
146
155
154
149
153
152
153
146
154
154
148
154
152
151
148
153
154
149
154
151
145
154
154
154
148
153
154
148
153
153
153
146
152
152
147
152
153
147
154
152
153
147
154
153
146
153
153
153
146
155
154
147
152
154
148
154
156
153
150
152
153
150
154
154
155
150
152
154
150
152
151
146
154
150
152
148
152
154
148
156
154
152
148
152
153
148
152
153
146
152
152
153
149
152
151
145
152
153
151
147
152
151
147
154
153
147
153
150
152
147
156
155
148
155
154
154
147
154
155
202
154
154
147
155
160
157
152
154
155
150
156
157
156
149
157
155
147
154
157
151
101
101
204
177
136
101
107
297
201
179
197
205
207
101
233
101
122
301
174
101
140
199
100
206
212
199
199
183
157
181
162
163
166
152
152
153
153
147
152
154
148
152
153
152
145
154
153
147
153
155
149
153
155
154
146
153
153
147
153
153
154
149
154
155
147
156
155
148
156
154
154
147
156
153
146


Total Packets = 388
