Response time of echo packets
=============================
163
153
154
147
153
154
149
153
155
155
147
152
153
148
150
156
152
147
153
156
147
153
152
149
154
153
155
147
155
152
147
153
154
154
147
169
205
198
152
205
101
201
207
100
151
206
202
194
208
204
201
196
154
101
132
200
204
199
206
203
203
196
101
112
196
101
111
204
196
100
109
205
101
109
195
153
155
152
147
154
154
146
153
151
156
148
151
152
147
153
152
147
155
153
153
147
153
151
147
154
154
152
147
151
162
146
152
152
148
154
153
153
147
153
155
146
152
152
153
146
153
153
147
154
154
147
153
154
153
147
155
155
147
154
154
154
146
155
155
147
155
157
148
153
153
154
146
153
153
146
155
156
159
145
155
154
146
155
154
147
153
153
156
145
152
155
148
153
155
151
148
153
153
147
153
152
147
151
153
153
149
153
152
144
153
154
152
147
154
152
147
151
153
147
154
154
152
147
151
155
147
152
154
153
146
154
151
145
155
152
148
154
155
153
148
155
155
146
153
154
154
146
153
155
148
154
154
147
155
155
154
146
154
156
149
154
157
156
147
154
155
147
157
156
146
153
154
155
145
156
153
146
155
157
154
147
154
153
149
155
152
146
153
154
153
149
152
151
147
154
152
151
148
153
154
148
154
153
147
151
152
151
146
151
152
147
154
151
151
146
152
153
147
154
151
147
153
153
152
148
153
154
147
155
153
153
148
154
156
150
153
155
145
153
155
155
146
154
154
149
156
156
154
147
153
152
146
155
154
148
152
155
154
148
154
154
149
153
153
154
145
155
153
146
154
153
147
153
152
154
148
154
153
148
154
154
153
146
155
153
151
154
155
148
155
155
153
147
155
155
147
153
155
153
147
155
154
148
154
154
147
154
153
154
147
155
154
145
154
153


Total Packets = 390
