Response time of echo packets
=============================
152
131
143
176
142
142
149
147
139
138
141
130
138
143
138
132
142
139
130
138
143
144
157
140
144
133
140
138
134
142
137
137
132
139
136
130
155
141
138
130
137
139
132
138
145
129
143
140
140
134
136
139
132
136
138
152
134
101
100
101
100
101
173
158
140
138
136
139
137
134
142
101
100
100
100
158
156
142
138
135
138
139
149
141
143
141
132
138
140
139
134
141
155
145
160
147
137
142
141
136
131
137
139
138
138
137
136
153
136
142
131
157
151
131
145
101
101
101
101
230
133
137
144
158
135
140
140
133
141
141
133
141
138
140
142
142
101
100
101
336
184
100
167
101
100
101
297
132
141
138
145
101
101
101
100
295
145
165
176
157
100
200
139
138
133
151
157
148
100
100
101
100
244
150
151
139
149
153
156
160
148
162
145
168
164
175
154
150
134
144
139
142
136
144
139
132
149
141
131
138
138
138
132
138
146
138
139
168
138
130
138
138
130
137
137
133
136
136
137
135
137
136
130
137
140
138
132
137
136
131
139
134
134
136
139
140
132
138
137
132
141
140
136
133
135
140
131
138
141
132
137
143
139
135
142
138
131
146
138
139
136
138
143
135
135
142
154
139
143
141
132
138
136
134
139
146
137
131
137
142
150
138
139
132
139
139
145
130
138
139
138
139
138
136
131
137
139
134
137
138
132
140
163
137
132
138
140
133
139
138
138
131
138
138
133
136
139
134
137
136
136
131
138
138
131
136
142
136
134
137
140
133
137
142
134
141
141
137
132
135
136
131
136
137
135
132
136
140
131
138
140
131
143
149
136
136
140
138
139
135
135
139
134
138
138
133
136
136
131
137
139
139
132
141
141
139
137
138
136
132
137
139
152
141
145
132
138
137
137
132
142
138
131
139
140
137
135
137
137
134
139
137
133
136
141
138
133
140
138
131
138
140
136
132
139
139
132
140
138
135
135
139
138
132
139
140
133
137
138
139
132
139
138
131
138
138
130
138
138
139
134
140
136
133
139
138
140
133
141
138
134
137
153
132
139
138
138
131
139
140
134
136
138
141
131
139
142
136
138
139
132
139
139
138
131
139
138
131
145
140
140
138
139
138
131
139
140
136
143
141
141
131
143
138
132
142
148
140
133
140
141
130
138
138
133
137
137
138
133
139
138
135
141
142
139
132
140
138
132
137
137
134
138
138
137
147
137
146
132
138
139
137
133
143
140
130
145
139
132
140
137
142
137
137
145
133
142
140
141
132
140
143
130
141
138
133
138
136
136
131
136
144
132
138
138
135
133
140
138
133
134
137
135
141
138
138
131
136
138
131
138
137
139
131
137
143
132
137
166
187
136
190
176
133
100
203
196
101
157
204
100
102
210
195
206
101
106
210
137
100
149
195
203
199
207
207
198
198
100
107
201
100
145
137
136
137
137
132
138
138
133
136
139
142
132
144
140
133
137
138
136
136
148
145
134
138
140
132
137
138
137
137
138
137
130
139
137
130
139
139
137
132
143
136
175
138
136
136
156
140
138
138
137
135
130
138
136
138
133
141
136
132
139
136
136
132
159
138
132
137
138
139
138
146
138
133
139
142
130
142
140
145
130
139
143
132
140
139
131
146
146
140
135
141
147
134
138
139
148
138
146
139
134
141
139
131
145
100
101
100
101
100
100
127
100
100
330
100
225
144
141
140
148
138
180
138
133
140
154
135
140
154
150
154
149
207
172
101
100
256
144
168
156
142
140
101
210
168
100
100
101
100
101
100
211
172
147
100
100
108
222
187
168
134
139
142
155
155
178
140
101
158
101
158
152
160
184
147
169
148
149
166
202
148
142
142
146
156
143
151
158
169
140
156
153
145
171
147
100
101
100
206
145
151
157
206
141
130
143
142
138
131
139
140
130
149
139
140
134
138
146
131
197
175
138
141
152
141
179
162
147
134
139
188
189
133
138
157
154
156
160
101
144
237
100
101
101
100
100
101
100
140
138
100
179
148
164
154
147
158
148
169
147
154
194
152
137
145
137
137
139
139
132
136
140
139
136
137
140
135
137
138
134
141
141
137
156
148
149
137
138
143
136
136
138
138
132
143
136
136
139
203
137
134
139
151
133
141
141
132
149
135
138
132
141
138
133
152
144
152
139
146
143
157
100
101
100
101
100
206
134
154
173
132
182
142
151
137
145
150
138
137
138
135
139
138
137
130
140
142
132
142
143
150
139
142
145
144
137
143
133
152
151
160
150
138
140
134
142
159
160
131
139
141
131
140
139
131
137
143
138
132
135
137
135
138
140
137
130
142
135
151
138
144
134
137
147
136
130
136
137
132
140
144
161
130
139
143
131
138
139
159
140
162
143
100
146
144
131
141
140
142
134
138
137
133
139
152
133
139
141
137
134
142
137
131
137
138
137
131
144
148
132
138
144
132
146
140
141
133
138
139
140
139
137
148
131
138
140
131
139
141
137
140
137
162
158
165
141
135
158
136
141
133
138
141
177
139
137
131
137
136
147
140
136
136
156
139
147
140
141
138
139
134
140
138
133
141
136
139
130
137
145
138
142
137
137
131
138
140
134
143
140
136
145
137
144
131
140
143
135
139
172
160
133
148
137
134
137
137
132
136
136
139
131
136
138
130
140
139
142
133
141
135
135
146
135
134
137
138
147
132
148
139
147
137
137
140
132
137
139
135
139
150
133
100
176
149
132
150
145
169
139
179
199
165
144
146
131
137
139
131
136
136
136
138
138
167
100
100
100
101
184
139
140
152
140
164
130
142
139
142
134
137
140
150
140
166
139
101
100
101
100
219
143
138
141
137
137
133
137
139
133
138
141
147
134
162
143
135
140
143
133
144
145
136
134
100
100
101
297
150
137
130
141
101
100
101
100
212
137
143
138
141
100
101
100
101
219
247
148
179
207
141
168
158
130
145
139
100
100
100
100
251
146
186
192
161
137
143
132
136
172
132
142
138
138
139
147
148
135
140
144
170
133
142
186
148
147
203
131
138
171
141
133
101
100
214
146
162
135
130
140
153
153
141
138
100
100
100
253
131
155
136
129
160
146
139
159
100
194
146
162
145
156
101
100
106
312
152
144
165
150
142
174
132
142
169
149
162
137
131
136
139
136
130
136
144
139
138
140
135
100
273
100
203
100
178
172
115
100
107
100
184
205
164
170
206
161
179
100
100
113
326
100
156
255
164
161
100
215
100
182
184
100
100
209
205
163
152
145
139
135
142
190
142
185
184
143
186
101
216
100
120
227
202
198
100
109
179
195
234
101
133
135
101
113
201
101
114
188
101
109
172
241
200
199
100
112
212
129
137
140
132
135
136
138
131
136
138
132
159
139
135
140
151
138
132
139
137
132
136
137
137
132
139
137
142
139
147
145
141
144
137
171
100
100
127
315
140
138
133
139
167
100
100
100
211
138
136
140
130
158
139
135
141
142
149
100
231
167
131
139
137
153
148
100
197
150
151
139
133
101
100
100
100
226
157
100
100
100
101
274
139
139
137
139
144
133
142
140
137
131
141
137
154
141
144
134
140
148
140
134
175
140
142
140
139
141
134
140
136
129
153
152
134
142
136
137
143
150
172
133
136
136
142
150
136
139
135
144
136
131
138
140
136
132
140
192
133
156
139
140
131
136
140
136
141
100
101
100
101
100
101
130
101
100
101
100
100
100
101
227
136
177
157
146
166
141
142
140
147
145
132
151
156
148
140
148
140
139
100
207
100
101
100
101
127
100
100
148
141
142
143
136
149
146
101
100
100
190
138
137
149
132
140
139
134
142
139
144
135
168
163
133
148
139
157
137
141
138
136
150
166
141
101
153
100
101
265
154
142
195
139
157
139


Total Packets = 1696
