Response time of echo packets
=============================
167
154
147
152
153
147
155
155
154
146
154
154
146
153
153
147
154
154
152
147
155
154
145
154
154
155
146
154
156
147
155
156
146
155
157
154
148
154
155
147
156
152
155
147
156
155
147
159
155
148
154
155
154
148
153
157
147
155
156
155
148
156
154
146
154
154
147
156
153
152
145
154
152
146
152
155
153
101
101
100
190
151
153
147
152
153
154
147
153
151
148
154
152
152
145
153
153
148
153
152
147
152
151
153
147
154
154
147
153
156
153
148
155
154
147
154
153
146
152
154
153
146
156
154
151
153
151
153
146
153
155
148
153
153
147
154
155
155
149
153
154
148
150
151
152
146
154
154
146
153
153
147
152
154
153
146
154
152
147
154
154
153
146
152
152
146
153
154
147
154
154
154
146
155
155
146
154
154
154
149
152
155
144
153
152
147
154
153
154
147
154
154
147
154
154
153
146
154
154
148
154
152
145
152
153
151
147
153
154
146
153
156
152
147
152
154
147
152
153
150
154
153
153
146
152
151
146
153
152
155
147
153
154
147
152
151
150
153
150
151
147
154
153
148
156
155
154
148
155
153
147
155
155
148
154
155
155
147
156
156
147
158
156
154
147
155
155
147
155
152
148
153
156
158
147
157
155
148
154
155
153
146
158
155
148
154
155
146
156
153
153
149
154
153
148
153
153
154
149
152
153
146
153
155
147
153
154
154
148
151
152
148
154
152
152
148
155
154
147
155
153
146
155
155
152
147
154
153
146
153
149
151
147
154
153
147
153
153
147
152
153
152
148
150
151
148
152
151
155
147
153
153
147
154
153
147
154
155
155
147
158
183
197
153
205
208
101
196
212
101
141
212
196
207
206
201
196
101
109
195
101
109
204
196
209
201
197
207
205
196
101


Total Packets = 391
