Response time of echo packets
=============================
144
136
137
135
141
139
142
132
135
135
133
137
136
139
135
136
140
138
141
137
134
140
143
138
132
138
139
135
136
140
139
133
146
143
133
155
164
133
148
139
138
136
138
138
134
135
137
140
134
139
138
133
143
147
145
142
138
137
132
141
143
132
137
138
138
133
137
135
141
151
141
130
140
142
137
132
140
139
136
145
137
138
130
136
143
148
151
142
145
144
139
138
133
139
141
133
140
138
137
132
137
138
134
163
140
130
140
137
140
133
137
139
133
138
140
141
135
143
142
130
138
139
131
137
139
137
134
143
142
133
139
138
137
130
139
136
134
138
137
134
140
141
145
131
140
136
132
137
140
138
134
136
136
131
135
137
132
137
141
136
135
138
138
136
137
140
141
129
138
140
135
142
139
133
137
137
141
131
140
137
134
139
136
138
130
140
138
134
144
145
131
140
147
141
132
139
138
131
144
141
142
133
147
146
134
138
142
134
142
141
139
152
138
141
131
139
140
137
135
138
141
138
141
141
132
177
148
141
131
146
140
130
135
136
140
140
135
136
131
138
138
138
137
137
142
133
136
143
132
140
142
149
133
138
139
145
138
137
132
136
138
147
134
136
139
134
139
138
138
131
136
142
131
139
147
136
144
136
136
131
137
137
135
139
138
137
135
143
140
132
136
137
131
162
137
137
134
136
138
131
135
181
138
136
136
141
132
137
183
133
138
140
137
132
149
140
136
137
150
186
132
137
136
134
140
143
141
137
139
140
132
147
138
135
141
140
138
135
139
137
133
136
137
130
140
146
138
135
148
142
131
140
144
141
137
147
145
136
140
144
133
144
141
146
133
144
141
132
141
142
141
134
143
137
133
144
148
133
176
141
164
130
144
141
133
138
140
153
150
141
139
135
164
138
132
139
139
141
131
144
140
133
146
138
139
132
142
141
130
137
138
130
140
142
138
138
140
142
132
137
144
140
134
142
140
138
139
143
133
142
141
143
135
143
138
131
139
138
140
131
140
143
131
150
140
137
164
140
140
131
138
139
139
137
139
141
132
140
143
135
138
138
141
139
146
144
132
138
137
133
140
138
138
138
137
139
133
137
137
138
138
138
145
134
141
139
131
143
138
151
147
139
138
145
140
138
131
138
137
141
131
140
141
133
140
138
142
135
140
149
130
138
137
130
140
136
138
132
139
136
131
135
139
138
133
138
136
135
141
147
142
144
137
143
132
140
151
131
143
139
137
131
138
147
131
158
139
130
139
138
138
132
137
136
141
145
139
137
133
138
137
130
137
141
132
147
158
149
132
145
137
131
141
138
141
137
137
100
100
296
143
157
142
148
101
158
205
100
149
204
203
199
195
100
108
201
100
142
137
100
107
100
101
100
183
129
204
207
220
189
203
200
196
137
138
145
138
140
138
131
141
144
137
140
139
141
140
144
138
132
138
138
132
155
140
149
144
139
139
131
139
139
141
130
138
138
133
137
137
138
138
138
146
133
139
138
133
143
141
141
133
138
141
146
137
139
132
139
149
141
130
138
140
132
140
138
142
131
139
141
140
140
141
132
155
146
155
131
198
143
134
143
139
141
131
141
140
131
141
141
131
138
147
138
131
139
139
136
138
149
139
130
139
138
133
135
146
100
150
146
173
133
194
100
100
100
164
100
251
100
191
289
141
145
138
135
136
142
131
136
149
135
143
144
136
131
137
142
144
137
138
135
137
143
136
133
136
138
136
139
138
138
130
136
137
134
134
136
132
137
137
147
130
138
140
132
137
140
136
134
142
141
135
138
136
163
139
138
144
173
181
186
195
152
100
114
120
118
219
134
149
138
134
137
137
137
136
138
142
148
137
140
137
139
136
139
132
143
138
134
136
135
138
132
138
137
131
136
136
135
133
139
137
132
134
137
135
150
139
138
139
142
181
134
136
188
155
142
140
142
132
140
142
136
141
139
144
132
145
145
137
145
136
140
130
140
144
132
140
152
138
138
138
150
135
139
153
138
137
144
143
140
177
140
143
145
179
137
144
148
137
148
139
143
143
142
142
159
136
139
152
132
152
140
136
141
139
138
133
139
139
132
141
139
145
134
143
143
146
140
139
130
144
138
142
131
137
152
131
138
138
137
136
137
144
131
137
178
130
134
136
138
130
136
138
131
136
135
137
131
142
138
131
152
139
132
137
136
137
142
136
135
134
138
144
188
133
100
151
121
148
135
175
100
190
100
110
100
110
225
100
267
146
171
146
100
108
162
140
162
138
134
136
133
140
141
160
160
140
136
132
138
139
131
137
137
131
139
137
136
140
136
145
130
138
139
139
133
138
139
133
137
137
134
136
141
144
133
136
138
132
138
146
140
131
137
141
131
139
139
132
137
137
139
133
138
138
132
137
139
139
133
146
141
130
138
140
140
139
140
141
132
145
154
137
135
136
139
141
140
164
146
142
136
136
136
137
136
136
138
138
131
140
135
137
131
137
144
131
141
138
131
140
136
136
135
137
137
140
137
145
135
133
140
137
133
138
139
131
139
137
146
132
139
138
133
138
138
140
132
139
138
130
141
138
132
138
140
179
151
137
139
133
138
138
149
130
140
141
132
149
141
176
160
168
137
130
137
137
134
138
137
140
130
138
139
136
155
140
130
138
139
139
131
137
137
130
145
137
137
137
137
146
131
140
141
133
101
107
101
101
100
187
131
138
141
145
132
137
136
135
139
137
137
139
140
141
143
148
147
137
150
139
139
132
137
136
138
139
152
134
139
137
148
135
141
145
142
138
162
139
133
137
137
129
137
138
131
137
137
139
134
141
137
132
136
138
142
139
140
151
134
139
141
132
137
136
137
133
151
137
141
138
138
156
131
138
163
131
141
137
131
141
139
137
134
144
143
132
137
139
139
132
138
141
134
143
138
137
138
137
138
137
159
141
140
144
144
182
145
143
138
131
144
148
138
140
140
136
133
137
139
134
137
137
140
132
136
139
133
148
138
141
137
137
136
139
136
137
135
137
146
140
132
137
141
131
143
138
134
139
137
171
134
141
139
132
137
140
140
131
142
136
132
138
140
132
138
139
137
134
142
150
133
141
139
138
190
140
143
139
136
138
135
136
140
139
133
137
140
132
138
140
135
135
136
137
142
143
136
130
136
142
138
131
138
142
133
138
137
137
132
139
138
133
144
140
145
138
145
143
132
138
139
132
139
140
145
137
141
143
139
138
140
136
139
140
140
133
139
138
129
145
138
144
130
145
151
135
149
100
180
147
171
139
161
139
145
100
160
207
100
147
207
205
195
204
201
198
100
145
141
200
101
108
200
101
111
192
198
206
202
199
101
107
199
135
136
137
131
137
139
131
139
143
137
133
136
139
131
137
159
136
144
141
141
136
135
138
138
136
137
137
140
139
176
139
150
140
156
142
136
138
131
140
135
133
136
139
142
132
142
188
170
166
174
167
154
188
175
131
144
139
134
140
139
137
133
136
138
135
137
137
131
142
138
138
132
137
143
134
139
137
140
132
140
137
132
138
136
132
137
139
137
135
146
139
138
137
141
142
133
138
137
133
137
142
133
151
147
140
132
138
138
144
153
101
191
157
159
138
139
160
140
133
138
143
137
131
138
137
134
137
140
137
133
138
146
133
146
138
131
138
137
138
132
139
137
132
138
140
137
133
148
149
139
141
137
144
137
179
144
133
140
137
133
138
144
136
139
141
142
132
141
137
134
136
165
175
148
163
171
147
142
135
138
132
137
138
132
138
138
133
138
138
138
130
137
136
133
138
138
140
136
140
136
130
138
138
136
138
136
140
134
135
140
133
137
136
137
130
141
137
132
149
136
131
137
152
137
101
101
100
100
175
136
147
134
137
137
134
140
138
139
136
143
138
132
139


Total Packets = 1709
