Response time of error free packets!
====================================
167
151
153
152
153
156
155
153
155
154
157
154
153
154
155
159
155
155
155
153
154
153
160
155
153
155
155
155
155
155
161
154
151
153
157
151
153
152
155
160
155
153
154
153
154
154
155
156
153
161
154
154
153
155
156
151
151
152
154
152
158
153
151
152
154
157
154
152
151
152
154
159
154
152
152
152
152
152
159
154
151
150
155
156
155
154
154
157
153
155
155
154
154
157
154
155
162
155
156
156
154
162
156
154
157
156
155
154
156
153
152
154
152
154
154
155
154
159
154
153
151
153
160
153
152
153
154
154
153
151
152
155
154
152
155
152
153
156
152
153
153
153
159
152
151
150
159
152
153
152
153
155
159
153
153
152
151
152
155
150
151
154
161
155
156
154
158
156
156
153
155
162
157
154
155
153
153
158
153
154
155
154
153
152
152
152
152
152
151
153
152
157
151
153
161
152
151
159
