Response time of error free packets!
====================================
167
152
154
152
154
153
154
153
153
161
154
154
153
153
155
163
154
154
155
156
154
159
155
153
152
154
160
153
156
153
160
152
155
152
154
154
159
153
152
152
154
157
152
151
150
149
153
151
152
153
153
152
158
152
150
151
151
158
151
154
155
153
152
152
153
153
154
154
155
156
156
155
164
154
154
153
156
155
162
154
154
150
151
157
151
150
153
153
152
154
152
154
155
152
152
159
154
151
153
152
153
158
151
152
153
154
155
153
154
153
152
153
152
154
157
153
152
154
153
152
158
155
153
151
152
154
152
153
153
151
153
153
158
152
151
151
160
153
153
159
153
153
155
154
160
154
153
152
153
153
161
152
154
153
153
160
153
152
153
155
152
154
152
159
154
152
154
152
154
153
153
154
152
153
153
157
152
153
153
149
151
151
155
149
151
152
153
153
151
151
153
152
151
153
154
156
156
156
153
158
160
154
155
154
153
154
161
154
155
154
153
162
152
153
153
152
154
159
153
154
154
153
153
155
163
154
154
152
155
154
160
153
156
154
153
153
153
154
153
155
153
154
153
160
154
154
155
153
157
151
152
150
160
153
156
154
156
154
154
154
153
152
157
150
150
151
157
155
153
150
151
153
150
151
151
150
156
150
150
152
152
151
151
152
150
152
152
153
154
