9.9914    10.0636
10.0079   10.0524
10.0003   10.0591
9.9895    10.0570
9.9898    10.0724
9.9926    10.0567
10.0045   10.0554
9.9836    10.0558
10.0020   10.0541
9.9774    10.0735
9.9788    10.0662
9.9887    10.0675
9.9865    10.0659
9.9832    10.0586
10.0044   10.0567
9.9796    10.0625
10.0033   10.0519
10.0016   10.0543
9.9990    10.0672
10.0090   10.0588
10.0055   10.0696
9.9887    10.0591
9.9942    10.0770
10.0085   10.0355
9.9962    10.0508
9.9911    10.0708
10.0083   10.0772
10.0095   10.0566
10.0020   10.0771
10.0060   10.0508
9.9952    10.0665
10.0062   10.0578
10.0078   10.0572
9.9926    10.0693
10.0122   10.0739
9.9958    10.0576
9.9950    10.0602
9.9942    10.0775
10.0027   10.0591
10.0055   10.0371
12.0605   9.9763
12.0617   9.9767
12.0714   9.9801
12.0589   9.9732
12.0696   9.9730
12.0662   9.9748
12.0753   10.0260
12.0606   9.9562
12.0512   9.9791
12.0699   9.9694
12.0363   9.9791
12.0733   10.0411
12.0706   9.9760
12.0754   9.9754
12.0675   9.9692
12.0703   9.9807
12.0732   9.9808
12.0578   9.9659
12.0523   9.9731
12.0441   9.9757
12.0633   9.9599
12.0479   9.9840
12.0612   9.9639
12.0564   9.9700
12.0512   9.9841
12.0685   10.0385
12.0468   9.9668
12.0790   9.9699
12.0700   10.0419
12.0659   9.9693
12.0545   9.9644
12.0534   9.9772
12.0622   9.9708
12.0469   9.9778
12.0669   9.9736
12.0592   9.9657
12.0560   9.9758
12.0676   9.9735
12.0646   9.9863
12.0681   10.0230
11.2002   11.5965
11.1881   11.5969
11.1921   11.5990
11.1963   11.5939
11.1960   11.6014
11.1888   11.6044
11.1902   11.6043
11.2044   11.5829
11.1901   11.5936
11.1953   11.5851
11.2075   11.6087
11.1963   11.6039
11.1939   11.6090
11.1928   11.6078
11.2048   11.6093
11.1956   11.5866
11.1827   11.6030
11.1941   11.6029
11.2014   11.6095
11.1883   11.5983
11.1896   11.6199
11.1886   11.5944
11.2082   11.5932
11.1949   11.6133
11.2001   11.5992
11.1972   11.6038
11.2054   11.5997
11.1889   11.5865
11.1932   11.6012
11.2042   11.6131
11.1883   11.5946
11.2143   11.6232
11.1952   11.5793
11.2080   11.5975
11.1968   11.6037
11.2068   11.6085
11.2017   11.5962
11.1986   11.6036
11.1824   11.6024
11.2056   11.6059
9.5962    11.8830
9.5727    11.8740
9.5693    11.8606
9.5939    11.8869
9.5832    11.8615
9.5925    11.8702
9.5658    11.8473
11.1779   11.5932
9.5821    11.8791
9.5832    11.8606
9.5747    11.8660
9.6025    11.8742
9.5635    11.8840
9.5776    11.8781
9.5824    11.8752
9.5847    11.8712
9.5752    11.8751
9.5860    11.8680
9.5949    11.8700
9.5926    11.8758
9.5759    11.8816
9.5892    11.8818
9.5724    11.8793
9.5759    11.8500
9.5726    11.8740
9.5903    11.8638
9.5738    11.8601
9.5863    11.8734
9.5675    11.8675
9.5632    11.8859
9.5975    11.8811
9.5941    11.8696
9.5796    11.8642
9.5857    11.8609
9.5779    11.8736
9.5926    11.8738
9.5938    11.8610
9.5642    11.8670
9.5645    11.8700
11.1542   11.6066
8.1321    10.8390
8.1401    10.8304
8.1415    10.8328
8.1402    10.8350
8.1370    10.8364
8.1351    10.8473
8.1379    10.8434
8.1487    10.8460
8.1492    10.8319
8.1453    10.8260
8.1383    10.8355
8.1324    10.8388
8.1332    10.8534
8.1306    10.8399
8.1433    10.8182
8.1379    10.8344
8.1374    10.8186
8.1388    10.8350
8.1368    10.8376
8.1383    10.8401
8.1391    10.8417
8.1531    10.8472
8.1431    10.8356
8.1091    10.8144
8.1412    10.8549
8.1517    10.8455
8.1341    10.8457
8.1357    10.8315
8.1496    10.8544
8.1390    10.8440
8.1323    10.8520
8.1266    10.8414
8.1347    10.8356
8.1341    10.8435
8.1354    10.8501
8.1402    10.8468
8.1463    10.8372
8.1425    10.8435
8.1435    10.8361
8.1418    10.8242
8.0920    9.0748
8.0897    9.0527
8.0979    9.0585
8.0948    9.0641
8.1050    9.0483
8.1134    9.0425
8.0950    9.0423
8.0733    9.0664
8.0967    9.0472
8.0820    9.0713
8.0957    9.0571
8.1034    9.0572
8.0934    9.0679
8.1020    9.0599
8.0884    9.0571
8.0850    9.0493
8.0996    9.0613
8.1035    9.0554
8.1030    9.0552
8.0942    9.0648
8.0845    9.0739
8.1084    9.0452
8.0928    9.0633
8.0942    9.0641
8.1104    9.0629
8.0868    9.0556
8.0994    9.0593
8.0902    9.0640
8.0896    9.0544
8.0929    9.0570
8.1001    9.0715
8.0953    9.0667
8.0935    9.0809
8.1029    9.0586
8.0886    9.0680
8.1042    9.0685
8.0902    9.0530
8.0986    9.0648
8.0837    9.0593
8.0997    9.0670
9.4564    8.0108
9.4894    7.9889
9.4632    7.9852
9.4780    7.9799
9.4763    7.9802
8.1108    9.0452
9.4688    7.9742
9.4713    7.9790
9.4413    7.9987
9.4702    7.9766
9.4841    7.9852
9.4750    7.9823
9.4654    7.9840
9.4738    7.9918
9.4808    7.9817
9.4753    7.9853
9.4803    7.9710
9.4755    7.9974
9.4692    7.9908
9.4707    7.9779
9.4572    8.0088
9.4730    7.9772
9.4401    7.9947
9.4524    8.0070
9.4671    7.9716
9.4476    7.9943
9.4747    7.9749
9.4714    7.9873
9.4815    7.9855
9.4701    7.9743
9.4705    7.9903
9.4486    7.9983
9.4768    7.9839
9.4959    7.9803
9.4715    7.9746
9.4716    7.9855
9.4817    7.9747
9.4759    7.9812
9.4792    7.9680
9.4756    7.9800
11.2619   8.4081
11.2626   8.4043
11.2394   8.4154
11.2558   8.3919
11.2669   8.4051
11.2662   8.4025
11.2648   8.3762
11.2677   8.3958
11.2537   8.4007
11.2462   8.4037
11.2572   8.4097
11.2564   8.3938
11.2444   8.3946
11.2722   8.4123
11.2640   8.3909
11.2472   8.3824
11.2608   8.3941
11.2516   8.3977
11.2588   8.3931
11.2570   8.3996
11.2662   8.4000
11.2552   8.4031
11.2656   8.3889
11.2562   8.4051
11.2563   8.4046
11.2426   8.3968
11.2502   8.3976
11.2549   8.3849
11.2540   8.3958
11.2748   8.3904
11.2594   8.4051
11.2544   8.3981
11.2442   8.4075
11.2692   8.4143
11.2573   8.3963
11.2408   8.4038
11.2328   8.4082
11.2526   8.4061
11.2604   8.4154
11.2552   8.3971
16.3979   9.9162
16.3838   9.9355
16.3963   9.9331
16.3819   9.9179
16.3905   9.9288
16.3772   9.9297
16.3827   9.9234
16.3907   9.9322
16.3786   9.9243
16.3854   9.9273
16.3873   9.9108
16.3956   9.9319
16.3881   9.9477
16.3868   9.9106
16.3964   9.9166
16.3852   9.9119
16.3967   9.9315
16.4068   9.9443
16.3867   9.9304
16.3847   9.9179
16.3940   9.9202
16.4105   9.9189
16.3922   9.9179
16.3793   9.9348
16.3893   9.9207
16.3865   9.9127
16.3827   9.9193
16.3980   9.9414
16.3929   9.9426
16.3951   9.9329
16.3919   9.9300
16.3926   9.9263
16.3954   9.9196
16.3819   9.9246
16.3854   9.9170
16.3916   9.9140
16.3950   9.9158
16.3912   9.9095
16.3932   9.9262
16.3908   9.9257
13.9646   14.9395
13.9583   14.9391
13.9562   14.9516
13.9458   14.9484
13.9610   14.9579
13.9468   14.9532
13.9531   14.9458
13.9540   14.9431
13.9520   14.9495
13.9509   14.9483
13.9591   14.9573
13.9622   14.9538
13.9572   14.9467
13.9477   14.9556
13.9531   14.9275
13.9581   14.9450
13.9365   14.9478
13.9417   14.9452
13.9580   14.9526
13.9493   14.9384
13.9653   14.9406
13.9484   14.9419
13.9602   14.9445
13.9503   14.9554
13.9566   14.9322
13.9454   14.9493
13.9601   14.9488
13.9372   14.9607
13.9462   14.9510
13.9575   14.9599
13.9656   14.9506
13.9598   14.9507
13.9512   14.9619
13.9532   14.9586
13.9522   14.9440
13.9447   14.9384
13.9626   14.9494
13.9492   14.9362
13.9377   14.9593
13.9498   14.9433
8.6355    16.2723
8.6217    16.2726
8.6255    16.2695
8.6375    16.2545
8.6309    16.2689
8.6316    16.2808
8.6217    16.2607
8.6376    16.2702
8.6341    16.2726
8.6350    16.2718
8.6236    16.2751
8.6275    16.2565
8.6420    16.2718
8.6444    16.2616
8.6295    16.2562
8.6283    16.2874
8.6158    16.2619
8.6359    16.2596
8.6236    16.2668
8.6348    16.2473
8.6264    16.2635
8.6386    16.2643
8.6229    16.2620
8.6268    16.2543
8.6368    16.2590
8.6287    16.2807
8.6194    16.2632
8.6288    16.2656
8.6321    16.2694
8.6271    16.2699
8.6253    16.2716
8.6356    16.2690
8.6296    16.2620
8.6359    16.2691
8.6255    16.2568
8.6298    16.2779
8.6396    16.2739
8.6354    16.2612
8.6154    16.2577
8.6232    16.2656
4.2339    12.7988
4.2305    12.8074
4.2066    12.7983
4.2241    12.7875
4.2273    12.8106
4.2111    12.7834
4.2227    12.7956
4.2132    12.7936
4.2166    12.8118
4.2270    12.7981
4.2236    12.8034
4.2245    12.8026
4.2269    12.8043
4.2361    12.7893
4.2282    12.7962
4.2163    12.8030
4.2350    12.7881
4.2158    12.7925
4.2184    12.7925
4.2295    12.7794
4.2192    12.7877
4.2244    12.7840
4.2349    12.8010
4.2267    12.8022
4.2317    12.7880
4.2223    12.7937
4.2315    12.7862
4.2211    12.7975
4.2264    12.7953
4.2303    12.7747
4.2188    12.8005
4.2248    12.8061
4.2190    12.8243
4.2242    12.7911
4.2126    12.7792
4.2210    12.8146
4.2104    12.7837
4.2295    12.8081
4.2240    12.8023
4.2653    12.8204
4.2102    7.1068
4.2129    7.1195
4.2211    7.1199
4.2181    7.1096
4.2097    7.1110
4.2112    7.1137
4.2178    7.1103
4.2062    7.1166
4.2205    7.1307
4.2291    7.1089
4.2149    7.1134
4.2138    7.1202
4.2236    7.1189
4.2215    7.1195
4.2215    7.1113
4.2136    7.1156
4.2151    7.1167
4.2289    7.1318
4.2248    7.1161
4.2041    7.1274
4.2389    7.1191
4.2263    7.1178
4.2343    7.1180
4.2156    7.1197
4.2277    7.1118
4.1957    7.1259
4.2203    7.1053
4.2179    7.1209
4.2379    7.1091
4.2246    7.1256
4.2426    7.1152
4.2204    7.1072
4.2055    7.1161
4.2204    7.1211
4.2166    7.1204
4.2095    7.1203
4.2290    7.1218
4.2140    7.1173
4.2251    7.1144
4.2211    7.1205
8.6168    3.7469
8.6293    3.7492
8.6122    3.7400
8.6168    3.7458
8.6092    3.7613
8.6172    3.7515
8.6304    3.7325
8.6312    3.7390
8.6144    3.7353
8.6167    3.7296
8.6274    3.7613
8.6375    3.7486
8.6370    3.7418
8.6236    3.7374
8.6239    3.7444
8.6242    3.7479
8.6142    3.7445
8.6293    3.7412
8.6267    3.7489
8.6145    3.7353
8.6351    3.7541
8.6308    3.7405
8.6221    3.7434
8.6232    3.7481
8.6329    3.7485
8.6282    3.7621
8.6301    3.7510
8.6142    3.7377
8.6247    3.7468
8.6169    3.7516
8.5981    3.7361
8.6169    3.7567
8.6232    3.7448
8.6354    3.7471
8.6211    3.7318
8.6310    3.7418
8.6289    3.7499
8.6231    3.7526
8.6342    3.7535
8.6222    3.7489
14.0786   4.9975
14.0903   5.0305
14.0927   5.0152
14.0851   5.0202
14.0820   5.0376
14.0939   5.0316
14.0909   5.0338
14.0808   5.0332
14.0772   5.0222
14.0773   5.0000
14.0814   5.0333
14.0928   5.0259
14.0900   5.0209
14.0920   5.0280
14.1041   5.0303
14.0911   5.0245
14.0815   5.0242
14.0951   5.0327
14.0820   5.0203
14.0619   5.0103
14.0885   5.0390
14.0865   5.0158
14.0661   5.0202
14.0722   5.0348
14.0719   5.0231
14.0855   5.0188
14.0769   5.0079
14.0880   5.0246
14.0821   5.0295
14.0600   5.0183
14.0721   5.0328
14.0976   5.0171
14.0913   5.0105
14.0825   5.0281
14.0929   5.0193
14.0878   5.0168
14.0914   5.0104
14.0711   5.0291
14.0941   5.0124
14.0827   5.0411