Response time echo packets within 4 min!
========================================
159
153
151
145
152
153
146
146
154
154
148
154
155
147
153
151
155
147
152
152
146
153
151
147
148
155
156
149
153
163
196
155
200
204
198
101
108
198
101
155
199
202
100
106
196
101
109
196
101
152
100
224
101
108
198
101
106
198
201
204
206
197
205
203
198
206
203
201
198
100
148
145
153
153
147
146
151
153
145
154
152
145
154
154
155
148
152
155
147
154
154
145
145
153
152
146
154
153
148
156
153
154
147
154
155
144
154
154
146
144
153
153
145
151
153
146
153
153
155
146
154
153
148
154
152
147
150
152
155
148
152
151
146
151
154
152
147
152
152
146
151
155
146
146
153
152
146
153
153
146
154
153
153
147
182
152
146
152
152
146
148
153
154
148
151
153
146
155
153
151
147
151
152
146
152
152
145
148
153
153
147
154
154
147
155
152
153
147
154
153
145
155
153
145
145
151
152
147
155
152
145
151
152
152
179
151
153
146
150
151
156
146
160
163
101
151
150
146
151
151
150
148
152
151
146
149
152
146
147
149
153
100
103
121
182
193
226
152
147
152
149
147
154
153
148
145
152
152
146
153
153
148
153
153
154
148
154
154
145
154
152
145
146
160
153
146
153
153
146
152
151
153
146
151
151
148
151
151
147
147
150
162
188
100
150
110
103
140
160
145
158
154
147
152
152
148
146
154
156
148
155
154
148
153
153
153
146
156
154
148
153
154
145
147
153
154
145
155
154
148
155
154
155
145
152
151
146
150
153
153
145
149
149
147
152
152
147
150
150
153
144
152
150
145
152
151
146
146
151
150
146
151
152
147
152
152
158
146
152
151
146
149
152
147
145
150
152
145
153
152
145
151
152
151
145
151
153
145
151
152
146
148
150
151
148
152
153
147
153
153
151
147
154
154
146
