Response time echo packets within 4 min!
========================================
561
555
554
547
554
555
547
548
553
554
547
555
553
548
553
554
552
547
571
554
546
556
553
547
546
552
551
549
551
553
547
552
553
552
546
551
553
548
553
552
548
548
551
553
548
554
556
548
555
556
552
546
552
553
546
555
552
547
547
555
553
548
555
554
547
552
554
553
547
554
553
546
555
552
548
547
553
555
549
556
553
548
555
554
554
547
552
552
546
554
552
548
546
555
555
547
551
554
549
554
554
553
547
555
554
549
556
555
550
