Response time of ARQ transmitted packets!
=========================================
865 0
651 0
552 1
554 1
553 0
554 0
553 1
552 0
556 5
554 0
553 2
562 0
555 0
555 0
555 0
555 0
554 0
560 0
554 1
555 1
554 0
561 0
555 0
555 0
554 1
554 1
561 0
554 0
554 0
555 0
554 0
556 0
553 1
554 0
554 0
554 0
554 0
554 1
553 1
555 0
554 0
556 0
561 0
553 0
553 0
555 1
553 0
558 0
552 0
554 2
552 1
558 0
557 0
553 0
554 0
554 0
554 2
556 0
554 0
553 0
556 0
561 0
554 0
556 0
555 0
554 0
552 0
553 0
554 4
555 0
561 0
553 0
555 0
554 1
553 0
553 0
554 0
555 0
556 0


Errors = 28 Total Requests = 108
