Response time of ARQ transmitted packets!
=========================================
252 1
252 0
253 2
253 1
254 0
255 0
260 0
253 0
251 0
253 0
254 0
252 0
253 0
254 1
253 0
255 1
254 0
258 0
252 0
252 0
253 1
251 2
251 0
254 1
254 0
257 1
251 0
251 0
252 0
253 1
258 0
252 1
252 1
250 0
251 0
253 0
255 0
252 0
255 1
253 0
257 0
252 3
259 1
253 3
256 3
254 3
254 1
253 0
255 0
254 0
255 0
262 0
253 0
253 1
254 0
254 0
253 0
261 0
252 0
252 0
254 1
260 1
253 1
253 0
254 3
254 0
256 0
255 0
256 0
256 4
256 1
264 0
255 1
255 0
256 0
254 0
252 0
261 0
254 0
256 0
252 2
258 0
254 2
255 0
253 0
258 0
253 0
252 0
252 0
253 0
252 0
251 0
252 2
255 0
252 1
257 0
253 1
257 2
253 0
254 0
254 0
258 1
254 0
255 0
253 1
254 1
254 0
254 0
263 0
255 0
255 0
255 0
257 0
255 0
254 0
261 0
256 0
255 0
253 0
254 0
254 0
254 1
253 0
252 0
253 0
260 1
252 1
254 2
256 0
262 0
254 1
255 0
254 0
257 0
265 0
256 2
255 0
252 1
256 0
254 1
262 3
254 0
257 1
255 1
251 1
253 0
254 0
254 0
253 0
252 0
255 1
254 1
253 0
253 2
255 0
253 0
252 0
255 0
260 0
255 0


Errors = 75 Total Requests = 236
