Response time of echo packets
=============================
147
137
139
142
136
139
139
134
146
140
133
149
141
140
137
150
146
133
142
142
138
141
166
144
100
100
101
212
133
139
141
132
151
200
135
173
139
164
150
171
136
169
138
139
136
132
160
160
152
178
101
100
100
101
101
107
101
175
100
231
175
150
136
147
139
137
143
156
129
162
100
171
131
140
137
133
140
139
150
130
141
170
132
147
159
131
138
138
139
150
139
150
160
147
143
133
141
142
138
144
199
138
134
147
139
140
149
153
147
135
138
167
133
170
139
151
167
205
140
132
143
147
139
136
138
137
138
137
137
135
136
157
176
131
158
164
146
173
185
100
141
100
324
131
138
138
132
134
150
100
161
100
100
101
100
100
312
100
199
158
144
137
203
144
133
138
140
132
137
138
134
141
159
138
132
150
141
137
149
168
155
135
158
140
134
137
137
133
146
140
137
134
139
135
157
189
160
137
132
140
166
136
199
155
136
137
142
139
140
139
146
130
152
169
197
138
172
138
132
139
138
134
139
137
139
133
140
136
135
139
138
131
132
138
137
134
138
137
131
137
140
137
130
142
136
159
100
184
157
132
139
137
133
139
180
140
135
137
139
137
138
177
133
136
138
135
131
101
100
101
149
163
135
135
138
145
192
139
140
130
144
140
130
133
157
100
209
139
136
173
100
153
173
140
197
176
135
101
203
195
108
150
205
197
100
116
100
101
100
175
140
282
100
196
205
201
191
208
101
109
101
101
206
197
209
100
167
135
147
140
134
140
147
130
132
141
142
132
136
137
138
142
138
139
134
137
137
133
145
167
134
139
157
144
133
142
137
140
137
153
140
131
193
149
131
152
101
208
135
137
139
131
136
141
132
141
137
136
130
138
142
136
137
139
133
133
144
136
131
139
141
130
138
141
138
136
145
140
133
137
152
134
134
142
143
133
141
137
134
136
138
139
134
140
142
142
152
181
140
131
137
150
192
185
151
134
147
141
145
134
138
140
136
138
135
147
149
138
145
134
140
141
152
145
136
158
138
189
171
100
135
144
149
143
143
169
131
191
101
117
177
134
324
135
142
136
159
140
137
141
132
138
156
155
140
139
135
145
140
143
134
143
143
141
149
139
152
132
141
169
132
158
142
133
163
140
142
146
139
177
138
144
140
145
133
141
155
133
137
143
147
142
146
141
138
140
139
133
158
165
139
136
143
143
134
141
137
133
139
149
150
132
175
142
132
141
142
136
131
143
141
135
139
142
133
138
143
136
136
142
144
141
140
149
133
132
147
140
134
139
142
142
143
139
137
134
140
146
132
142
177
134
134
173
178
179
152
161
157
100
175
206
100
186
155
193
182
100
186
218
101
148
146
194
100
172
182
100
128
126
186
201
101
131
186
101
202
100
181
146
172
146
154
153
175
142
135
141
143
137
150
144
140
144
140
100
100
101
163
133
137
145
141
132
141
154
134
143
143
132
139
139
140
164
146
139
137
147
146
146
135
139
140
132
140
155
140
137
144
147
132
139
137
130
154
171
139
139
137
140
136
136
138
137
134
140
142
139
140
142
132
164
138
141
135
141
145
132
140
139
163
137
143
137
137
140
151
136
141
165
149
130
140
139
133
144
138
145
201
138
139
159
143
144
144
138
142
138
136
141
137
132
140
146
157
136
142
143
146
149
145
143
143
142
148
155
141
140
133
141
142
135
132
140
143
133
141
141
132
140
137
136
135
144
140
137
138
143
130
144
135
147
132
137
138
165
141
139
150
163
142
142
134
142
140
135
172
169
153
132
150
141
138
139
154
142
131
147
143
175
139
140
135
136
150
137
131
139
142
140
141
161
138
132
141
145
133
148
162
163
134
147
141
147
166
140
137
152
144
142
135
150
146
132
141
141
132
138
140
143
135
142
142
138
139
171
143
160
139
101
100
101
188
130
133
139
143
130
142
143
139
149
141
101
100
100
197
134
147
139
133
138
141
140
133
140
143
136
139
141
146
138
145
138
135
145
142
139
136
148
138
132
140
187
133
150
150
138
131
145
140
147
140
141
131
202
141
140
133
136
138
135
138
147
138
137
134
135
160
135
139
134
134
140
141
134
147
167
135
147
136
136
135
144
144
145
146
140
136
144
150
140
142
138
139
135
139
140
146
136
142
140
137
142
136
134
132
136
158
136
136
145
133
143
140
157
141
144
138
133
139
142
150
141
144
136
149
150
139
134
140
141
162
134
148
136
134
179
149
137
133
140
139
154
140
148
134
141
137
141
134
136
140
137
140
139
143
136
153
138
134
144
138
138
139
150
143
131
176
138
135
139
140
154
140
149
171
134
139
140
134
141
140
137
139
152
137
136
141
136
154
132
152
149
134
145
139
137
143
144
164
132
140
147
132
143
143
137
134
138
137
131
139
153
136
146
137
138
134
139
138
132
174
136
132
135
139
151
137
136
153
139
148
144
145
135
148
146
142
143
146
135
152
139
141
148
137
148
138
100
100
100
189
172
162
150
200
172
149
140
144
139
139
165
140
137
182
137
139
136
142
174
138
151
138
151
150
140
142
131
141
139
141
144
144
144
175
179
140
101
213
193
158
106
131
231
100
130
211
100
102
218
195
196
205
100
178
101
212
101
100
169
100
100
101
142
205
210
213
185
179
101
227
131
136
138
137
131
136
137
132
144
140
130
195
187
159
101
141
148
166
195
101
141
158
189
100
322
150
155
150
154
100
147
151
140
141
136
172
152
182
147
189
146
160
100
175
139
188
168
140
137
143
138
134
189
160
131
132
151
139
133
140
140
132
147
184
160
152
142
140
139
169
101
165
133
155
139
134
142
147
137
145
139
154
150
166
150
140
163
144
138
133
145
156
134
147
143
131
142
141
160
132
140
142
136
143
157
158
132
152
140
134
141
141
137
141
142
143
138
140
146
136
149
142
141
134
139
137
140
140
138
138
140
139
140
136
139
161
143
166
154
131
140
138
142
130
153
137
137
136
159
143
137
137
170
135
160
165
160
186
139
141
135
137
142
135
145
161
140
135
138
140
149
145
143
138
133
141
148
139
141
141
133
140
143
137
131
178
144
162
162
145
174
135
138
138
137
139
147
134
140
138
142
135
176
137
144
143
149
131
133
141
140
134
140
140
153
146
143
145
137
159
140
148
158
146
136
142
148
141
135
172
144
132
141
140
140
150
139
140
139
139
143
137
134
152
141
145
139
190
155
156
165
141
133
137
137
132
137
138
133
135
143
139
132
140
139
133
140
146
146
136
139
141
138
138
138
134
146
141
137
136
155
154
141
141
141
148
167
146
151
153
189
157
182
141
139
139
140
139
156
136
144
141
140
143
143
142
135
138
137
132
138
143
179
134
142
172
137
139
151
140
145
157
144
137
155
148
137
135
147
140
147
138
142
132
145
147
141
145
139
143
132
140
143
137
132
148
156
132
141
139
136
145
139
144
139
140
154
136
148
144
137
137
141
146
142
148
157
132
140
161
158
134
142
144
154
150
142
160
133
161
149
132
139
143
131
146
141
140
141
168
145
138
143
166
133
132
145
145
137
138
164
156
162
193
145
146
139
142
134
149
138
136
164
165
177
143
152
101
100
101
218
168
139
140
178
141
147
144
135
139
144
170
141
138
147
140
139
139
140
100
100
101
151
170
182
140
134
148
140
135
147
138
132
153
142
146
147
149
180
148
150
162
132
136
138
148
134
141
156
145
141
143
140
149
142
143
154
146
138
139
135
162
147
144
154
140
179
138
162
139
139
169
175
191
186
148
183
181
163


Total Packets = 1662
