Response time of echo packets
=============================
151
138
130
136
141
138
151
139
137
133
139
137
132
139
137
138
134
135
137
132
140
137
138
130
137
138
131
138
140
132
137
138
136
130
141
138
134
141
138
140
143
138
139
131
141
138
130
137
141
137
131
136
137
133
140
140
138
133
141
142
133
141
140
134
139
140
139
138
140
137
139
146
142
137
136
138
137
133
140
141
131
138
138
137
134
140
140
133
141
137
139
130
140
137
130
138
139
132
139
137
138
133
143
140
134
137
147
141
131
139
141
131
138
139
132
139
139
139
132
139
136
134
138
137
138
133
145
139
135
138
136
133
140
151
143
149
137
135
131
137
137
140
132
138
139
133
137
140
132
136
139
136
130
137
139
131
139
141
137
131
139
140
130
137
143
133
139
139
137
131
137
141
131
137
138
138
131
138
138
131
142
137
130
137
138
140
132
140
140
132
138
137
140
131
145
136
133
139
138
131
140
137
144
133
140
135
132
136
135
136
132
136
138
135
134
139
130
135
137
138
132
140
138
144
135
168
138
161
137
176
135
197
204
100
153
205
101
106
202
202
195
101
106
207
129
101
146
198
101
109
204
101
182
128
207
205
206
198
100
154
139
131
177
155
171
149
166
137
183
166
150
149
157
144
147
154
184
185
177
165
145
142
138
152
150
179
166
188
159
174
144
147
138
161
158
137
166
157
143
173
163
158
161
168
163
152
169
145
157
161
160
138
138
157
190
101
100
142
100
191
134
187
227
199
236
100
168
273
204
199
199
165
198
153
100
146
256
101
125
219
140
145
145
184
182
177
184
191
204
100
206
200
100
201
100
100
111
205
200
100
111
292
251
189
100
190
134
259
100
174
145
100
107
100
109
128
148
202
118
139
155
158
173
166
100
155
291
140
144
140
160
100
101
100
179
140
147
101
101
272
252
161
101
137
181
146
156
158
160
173
156
204
183
100
194
195
100
198
101
204
127
144
266
100
147
147
101
191
101
230
100
101
178
164
155
174
186
179
155
152
163
164
142
156
175
182
137
140
152
141
193
101
136
101
127
286
178
152
173
148
154
133
137
134
139
130
135
136
133
136
140
137
136
137
138
130
136
135
130
137
136
139
130
136
144
130
135
137
134
138
135
135
133
201
162
152
157
152
150
154
167
155
178
101
101
287
187
177
141
135
179
177
101
166
136
141
131
135
134
137
157
141
134
164
134
136
131
134
135
131
136
136
135
133
139
135
135
139
142
135
136
136
137
128
136
165
132
147
134
134
130
135
137
132
136
136
129
143
135
136
129
136
139
131
136
136
135
130
137
137
132
138
152
150
138
138
141
132
140
137
179
136
135
136
132
137
140
132
139
139
130
138
138
136
180
101
141
117
112
122
118
116
127
158
132
144
140
133
141
137
137
134
138
137
133
140
140
142
147
140
137
134
138
135
129
138
148
141
148
138
140
132
137
140
160
130
141
137
135
137
139
130
140
135
140
131
136
139
130
136
138
142
132
138
139
129
140
135
133
137
136
139
129
139
137
133
137
149
137
132
137
137
138
136
137
130
135
136
137
132
137
140
151
136
138
136
129
135
136
130
136
137
132
137
142
136
134
139
136
133
141
137
138
131
136
136
132
135
150
131
136
136
134
131
135
135
130
135
139
138
131
135
136
134
136
136
130
138
137
136
131
137
139
136
137
140
136
130
138
142
131
138
140
130
139
142
135
132
139
135
142
138
142
137
129
139
140
132
138
139
131
144
137
137
132
139
142
130
137
142
138
133
139
141
131
137
137
134
140
138
138
132
137
141
132
137
142
141
130
139
139
132
135
140
137
140
136
135
136
136
138
130
139
136
141
130
138
137
131
136
138
132
141
146
138
134
140
135
129
136
138
138
134
138
137
134
140
137
131
136
138
136
131
134
135
133
134
135
145
135
137
138
135
171
141
135
137
139
145
129
135
137
141
136
144
135
131
145
138
137
142
142
166
136
138
141
131
137
142
131
138
140
140
132
139
136
135
137
137
134
139
137
141
133
139
137
134
137
138
140
133
140
137
130
138
139
132
138
139
138
136
137
137
136
135
137
141
133
136
140
131
136
142
133
136
139
139
131
138
136
129
143
137
138
133
138
139
132
138
136
134
137
138
140
133
138
138
131
138
138
137
131
135
138
132
140
139
130
140
137
138
130
139
138
136
139
137
140
133
137
138
131
139
137
131
138
137
136
129
145
140
132
138
138
139
130
140
138
129
138
141
131
139
137
146
131
140
145
130
141
137
139
132
139
138
133
142
139
133
143
139
140
132
138
145
140
136
142
136
130
137
140
133
141
140
136
146
140
136
133
141
140
130
137
138
137
136
136
137
130
139
139
135
138
140
136
135
137
137
132
139
139
137
136
140
139
134
138
138
133
139
145
146
137
138
137
148
137
137
164
134
173
141
161
138
174
100
124
211
100
164
199
197
192
101
112
203
198
101
140
130
100
113
186
224
206
197
198
100
108
201
204
100
110
196
152
138
132
137
137
131
140
138
138
137
136
136
134
138
139
164
131
139
137
130
138
140
155
143
138
142
135
140
142
131
137
137
136
136
140
137
133
139
138
132
140
136
141
132
158
139
154
136
139
136
132
100
100
100
162
138
130
141
145
148
160
141
175
136
146
142
164
131
179
154
147
144
156
130
141
136
142
132
136
141
132
136
136
138
141
137
138
135
136
137
130
136
136
137
134
140
141
136
139
137
144
134
141
138
136
137
141
131
138
147
152
133
141
140
132
142
143
137
130
137
141
129
140
140
131
162
176
100
100
100
101
256
101
100
189
158
101
100
148
216
101
101
160
199
100
101
177
179
100
100
194
176
100
101
189
186
100
101
196
206
100
198
266
100
170
263
100
181
231
132
138
139
147
141
141
131
141
138
136
129
136
141
135
135
135
137
131
136
134
136
138
144
136
135
137
143
132
136
138
130
138
138
144
145
150
138
129
141
146
131
141
137
137
134
139
138
133
143
141
139
133
147
136
129
142
139
132
140
138
138
131
140
138
131
141
138
158
132
141
139
134
138
137
135
140
139
141
131
137
141
132
134
138
136
131
139
138
132
138
137
131
137
136
137
134
135
142
135
138
134
137
139
139
136
132
135
140
134
135
139
139
130
135
140
133
137
138
137
129
143
138
132
139
135
137
138
138
137
136
137
137
134
138
139
136
132
139
137
132
141
139
134
140
139
140
130
137
141
131
137
138
137
136
137
156
131
139
137
130
138
137
141
135
137
136
131
140
136
137
134
137
139
134
135
137
130
141
135
139
130
138
138
133
137
138
139
130
136
142
131
136
143
131
143
138
136
130
139
137
139
139
138
139
136
141
145
131
141
137
131
138
140
140
132
138
139
132
137
137
138
137
136
137
137
137
139
133
141
137
135
131
142
141
131
136
137
138
132
136
136
133
141
136
131
138
138
142
134
137
138
133
137
138
143
130
139
141
132
137
136
133
137
138
138
157
140
139
136
137
137
141
159
140
135
132
140
138
131
139
138
138
137
137
145
130
140
143
141
142
141
140
131
149
141
131
141
137
137
131
145
139
135
141
139
141
139
139
141
134
141
142
134
143
143
143
130
146
159
135
146
143
142
130
145
141
157
143
139
132
140
137
136
133
136
137
129
136
138
136
131
137
137
135
137
136
133
137
138
141
131
142
135
132
137
140
137
132
137
137
131
140
137
130
139
137
140
134
139
141
136
138
140
140
133
139
137
133
139
137
129
140
139
138
131
136
137
133
138
139
138
130
138
142
130
143
140
131
138
140
140
132
137
142
137
140
140
143
132
140
142
130
141
142
129
138
140
138
132
139
138
130
141
138
140
132
135
138
135
139
144
130
137
136


Total Packets = 1698
